4801
0	17	1143
1	0	1144
1	0	579
2	0	544
1	0	1145
3	0	1144
2	0	1144
2	0	517
3	0	561
4	0	1146
3	0	1147
3	0	1148
3	0	535
2	0	1146
4	0	570
1	0	575
2	0	541
1	0	544
3	0	524
1	0	1149
1	0	524
1	0	535
3	0	579
1	0	588
4	0	541
1	0	570
3	0	588
4	0	535
1	0	521
1	0	583
2	0	535
2	0	579
1	0	1146
1	0	1150
2	0	1148
2	0	1151
2	0	588
2	0	524
3	0	544
3	0	521
3	0	1151
1	0	1151
4	0	544
4	0	521
5	1	564
6	1	564
7	1	565
8	1	565
9	1	541
10	1	521
11	1	521
12	1	521
10	1	1144
13	1	575
14	1	556
15	1	556
16	1	556
17	1	1152
18	1	582
5	1	565
19	1	544
20	1	1153
21	1	561
5	1	556
22	1	543
16	1	564
23	1	579
24	1	565
25	1	565
26	1	1146
27	1	544
19	1	541
28	1	1154
29	1	1155
30	1	584
26	1	525
31	1	535
21	1	1149
10	1	557
32	1	552
30	1	551
33	1	1156
34	1	543
16	1	543
35	1	554
10	1	544
36	1	544
12	1	544
5	1	1157
7	1	521
7	1	583
37	1	561
38	1	1158
8	1	522
34	1	535
10	1	517
39	1	1159
18	1	543
40	1	564
32	1	554
26	1	544
7	1	541
41	1	1153
42	1	1154
10	1	1148
43	1	584
17	1	561
44	1	556
10	1	579
38	1	1160
25	1	584
34	1	551
7	1	540
45	1	579
46	1	1161
47	1	541
44	1	541
38	1	1148
23	1	521
48	1	521
16	1	521
49	1	521
27	1	583
36	1	584
50	1	535
51	1	535
22	1	535
5	1	1149
50	1	521
52	1	521
12	1	583
53	1	561
11	1	583
10	1	1151
11	1	535
48	1	535
54	1	535
43	1	521
48	1	1145
55	1	535
56	1	1145
5	1	543
26	1	514
57	1	565
40	1	544
36	1	541
24	1	1162
26	1	583
26	1	584
19	1	584
58	1	535
48	1	1149
44	1	1149
11	1	1163
44	1	1150
10	1	588
35	1	564
7	1	555
59	1	521
39	1	1164
9	1	556
60	1	535
61	1	535
16	1	582
23	1	552
18	1	521
20	1	1144
33	1	544
16	1	541
44	1	584
23	1	570
7	1	556
62	1	535
34	1	1163
47	1	1156
23	1	1165
29	1	1148
26	1	1147
19	1	521
46	1	1155
11	1	584
49	1	561
46	1	556
34	1	1166
63	1	535
26	1	535
16	1	535
34	1	1152
55	1	588
36	1	540
21	1	543
21	1	564
24	1	1161
40	1	541
35	1	1167
64	1	1154
34	1	521
26	1	521
5	1	584
18	1	561
9	1	575
40	1	556
10	1	535
65	1	554
16	1	1168
15	1	1161
57	1	1161
26	1	541
48	1	584
45	1	566
48	1	583
46	1	570
23	1	556
26	1	1163
16	1	516
5	1	1144
34	1	1156
29	1	535
9	1	543
23	1	541
30	1	541
45	1	521
30	1	521
66	1	584
67	1	584
68	1	584
10	1	524
11	1	556
43	1	535
16	1	1149
26	1	549
5	1	521
42	1	579
57	1	564
7	1	579
50	1	544
59	1	544
43	1	541
5	1	1153
16	1	548
24	1	1169
57	1	1155
40	1	584
19	1	583
19	1	535
69	1	1144
8	1	1145
14	1	521
5	1	535
35	1	1150
49	1	543
16	1	544
6	1	1153
58	1	521
70	1	584
10	1	575
38	1	575
10	1	556
26	1	556
71	1	535
44	1	535
5	1	571
27	1	557
9	1	564
11	1	541
48	1	541
72	1	1162
50	1	583
16	1	584
57	1	561
7	1	1144
43	1	570
57	1	556
24	1	535
56	1	535
16	1	571
26	1	571
57	1	557
47	1	565
10	1	541
57	1	1153
69	1	1154
38	1	1169
34	1	584
39	1	570
19	1	556
57	1	535
5	1	549
21	1	1160
12	1	564
73	1	1165
7	1	560
11	1	544
34	1	541
24	1	541
57	1	570
23	1	575
46	1	575
39	1	556
57	1	516
59	1	541
20	1	1152
39	1	541
35	1	1153
55	1	1167
10	1	1170
23	1	1154
27	1	521
35	1	561
16	1	549
12	1	535
33	1	584
46	1	579
74	1	565
50	1	541
5	1	1167
75	1	556
39	1	535
22	1	1149
47	1	1150
17	1	588
76	2	541
76	2	561
77	2	1151
78	2	584
79	2	1148
80	2	541
81	2	584
82	2	1156
82	2	515
83	2	548
78	2	583
84	2	1146
84	2	570
85	2	583
86	2	584
87	2	515
82	2	1148
88	2	535
78	2	541
79	2	1156
79	2	521
79	2	584
89	2	541
85	2	557
76	2	535
90	2	544
90	2	535
78	2	544
78	2	535
91	2	583
85	2	528
92	2	544
92	2	521
80	2	583
93	2	514
93	2	583
81	2	570
94	2	535
88	2	549
82	2	1171
90	2	521
88	2	544
78	2	556
91	2	521
91	2	584
95	2	556
80	2	521
89	2	552
96	2	541
94	2	541
94	2	1172
82	2	1155
82	2	583
82	2	575
84	2	521
84	2	552
79	2	1155
91	2	544
95	2	583
85	2	1151
89	2	1151
93	2	555
93	2	1147
79	2	1163
77	2	583
93	2	1156
94	2	583
76	2	1149
97	2	584
77	2	584
77	2	535
84	2	541
84	2	1172
95	2	584
81	2	561
86	2	535
90	2	541
88	2	541
77	2	544
78	2	1151
79	2	556
85	2	1173
80	2	544
89	2	1172
93	2	541
81	2	1172
86	2	521
87	2	1158
90	2	556
95	2	521
94	2	579
86	2	544
85	2	1163
76	2	1172
77	2	521
78	2	570
79	2	541
91	2	535
81	2	583
94	2	561
94	2	570
86	2	583
79	2	549
87	2	1174
82	2	1151
82	2	518
88	2	521
88	2	556
77	2	541
83	2	544
83	2	1173
84	2	1151
80	2	556
93	2	1151
86	2	522
90	2	584
91	2	556
85	2	1156
85	2	1158
93	2	552
81	2	544
81	2	541
86	2	541
86	2	556
87	2	1173
82	2	1173
77	2	556
79	2	544
85	2	544
85	2	570
92	2	583
89	2	570
81	2	521
76	2	552
88	2	584
84	2	561
95	2	541
85	2	515
81	2	535
82	2	544
82	2	522
76	2	570
79	2	583
95	2	535
80	2	535
93	2	584
93	2	535
81	2	556
94	2	1149
87	2	584
79	2	518
91	2	541
93	2	544
94	2	552
86	2	1171
95	2	544
92	2	556
80	2	584
89	2	535
96	2	544
79	2	516
87	2	522
79	2	575
92	2	541
89	2	561
93	2	521
81	2	552
88	2	571
90	2	583
79	2	535
92	2	584
81	2	515
87	2	528
76	2	1173
88	2	583
83	2	584
85	2	541
85	2	522
85	2	535
92	2	535
93	2	556
94	2	521
1	2	50
1	2	26
2	2	26
2	2	19
4	2	54
1	2	48
1	2	62
1	2	19
4	2	30
1	2	39
3	2	26
3	2	49
2	2	11
4	2	26
4	2	43
4	2	10
4	2	39
1	2	49
3	2	10
3	2	50
1	2	10
1	2	30
1	2	54
1	2	44
3	2	48
2	2	10
1	2	11
4	2	11
4	2	62
3	2	30
3	2	43
4	2	44
1	2	59
1	2	43
2	2	584
4	2	584
98	2	584
4	2	1175
3	2	551
3	2	584
4	2	1172
1	2	584
3	2	1172
2	2	527
1	2	527
3	2	1175
3	2	527
98	2	527
3	2	573
1	2	551
1	2	1172
1	2	1175
2	2	566
99	2	92
100	2	77
101	2	90
100	2	90
99	2	85
100	2	97
99	2	90
102	2	88
100	2	85
103	2	90
104	2	90
99	2	79
99	2	86
100	2	747
105	2	747
101	2	324
101	2	98
99	2	1
103	2	4
100	2	327
101	2	4
105	2	327
101	2	1
103	2	3
103	2	1
105	2	1
104	2	1
101	2	327
106	2	521
106	2	556
107	2	544
107	2	583
108	2	556
106	2	1150
106	2	561
109	2	1147
110	2	579
111	2	1162
111	2	578
112	2	1176
113	2	1153
114	2	1164
115	2	1177
116	2	556
116	2	568
116	2	1178
106	2	1145
117	2	556
118	2	1146
110	2	575
120	2	1179
121	2	1178
115	2	1150
115	2	1180
106	2	535
107	2	1181
108	2	521
122	2	544
122	2	521
123	2	535
109	2	1157
110	2	569
108	2	573
124	2	1182
121	2	1179
123	2	1156
110	2	584
116	2	515
116	2	538
116	2	1157
112	2	584
112	2	556
123	2	515
123	2	556
117	2	1178
111	2	584
112	2	1159
121	2	1172
100	2	584
116	2	1183
122	2	583
117	2	581
110	2	560
121	2	1183
115	2	583
125	2	584
106	2	541
126	2	515
107	2	541
107	2	521
123	2	584
120	2	1161
122	2	579
122	2	525
123	2	1184
123	2	1185
108	2	541
122	2	556
106	2	573
124	2	580
116	2	1146
116	2	536
106	2	583
107	2	535
112	2	544
118	2	555
118	2	1155
113	2	523
122	2	542
115	2	540
116	2	1175
116	2	1144
122	2	535
123	2	541
117	2	1148
107	2	1186
118	2	1187
108	2	1183
124	2	519
120	2	1188
114	2	1161
123	2	1167
107	2	540
107	2	556
106	2	1169
111	2	1189
124	2	573
124	2	1190
113	2	548
114	2	562
122	2	558
106	2	575
107	2	1153
108	2	552
112	2	1149
114	2	1166
114	2	579
121	2	552
115	2	1162
116	2	578
116	2	1167
112	2	1160
123	2	522
118	2	571
108	2	536
112	2	537
112	2	536
119	2	525
113	2	556
122	2	1145
121	2	580
115	2	584
107	2	515
108	2	514
123	2	544
123	2	583
109	2	586
115	2	586
116	2	1174
108	2	535
117	2	1191
118	2	1192
111	2	1193
119	2	891
122	2	1194
107	2	584
108	2	583
123	2	521
109	2	1178
108	2	576
124	2	1167
119	2	553
120	2	1167
122	2	548
116	2	575
122	2	541
117	2	578
107	2	562
107	2	551
109	2	1187
110	2	564
108	2	1195
124	2	1146
119	2	1169
120	2	564
120	2	520
114	2	1192
106	2	584
107	2	1172
122	2	584
124	2	1175
120	2	1162
113	2	552
115	2	1146
116	2	1169
108	2	544
107	2	1184
111	2	1196
119	2	563
114	2	576
106	2	544
126	2	583
106	2	580
117	2	538
118	2	1175
111	2	1149
112	2	564
112	2	514
124	2	1144
115	2	1164
123	2	554
116	2	1197
116	2	1159
119	2	1172
120	2	585
121	2	1175
127	2	584
116	2	1176
116	2	514
108	2	584
112	2	1172
108	2	580
99	2	1198
104	2	1198
102	2	108
128	2	107
129	2	107
130	2	122
131	2	117
99	2	106
132	2	112
102	2	123
101	2	115
128	2	110
128	2	1199
99	2	113
101	2	108
130	2	113
128	2	115
128	2	127
102	2	122
103	2	1200
105	2	1198
128	2	112
129	2	110
130	2	107
128	2	326
100	2	110
99	2	112
132	2	125
102	2	109
131	2	118
100	2	119
100	2	1198
103	2	112
102	2	124
100	2	115
100	2	117
132	2	326
131	2	114
101	2	112
101	2	107
105	2	103
99	2	115
132	2	127
101	2	127
101	2	125
100	2	107
103	2	115
99	2	108
131	2	124
104	2	115
130	2	106
101	2	126
101	2	892
100	2	114
99	2	116
102	2	117
128	2	125
99	2	114
102	2	116
129	2	115
131	2	115
101	2	110
99	2	117
100	2	118
132	2	107
133	3	271
134	3	293
135	3	247
136	3	247
137	3	247
138	3	772
139	3	247
140	3	247
141	3	391
142	3	247
143	3	247
144	3	247
145	3	391
146	3	247
147	3	249
148	3	272
149	3	247
150	3	247
151	3	247
152	3	391
153	3	278
154	3	247
155	3	247
156	3	278
157	3	247
158	3	243
159	3	247
160	3	255
161	3	247
162	3	391
163	3	391
164	3	391
165	3	247
166	3	253
167	3	247
168	3	376
169	3	247
162	3	272
170	3	247
171	3	247
172	3	293
167	3	272
173	3	257
174	3	278
175	3	247
162	3	247
176	3	247
176	3	271
176	3	1201
177	3	276
178	3	248
179	3	257
180	3	290
181	3	382
182	3	397
183	3	252
184	3	247
185	3	248
186	3	381
187	3	247
188	3	247
188	3	382
189	3	256
190	3	271
191	3	257
192	3	243
193	3	397
194	3	257
194	3	278
195	3	249
195	3	288
195	3	382
195	3	256
195	3	277
196	3	288
196	3	382
196	3	256
197	3	280
198	3	277
199	3	254
200	3	382
201	3	386
202	3	397
202	3	249
203	3	273
204	3	381
205	3	259
206	3	397
207	3	272
208	3	288
209	3	272
210	3	272
211	3	289
212	3	252
213	3	270
214	3	376
215	3	249
216	3	289
217	3	270
218	3	248
219	3	246
220	3	247
221	3	247
222	3	247
223	3	247
224	3	247
225	3	247
226	3	247
227	3	279
228	3	264
229	3	264
230	3	288
231	3	293
232	3	290
233	3	290
234	3	290
235	3	382
236	3	397
144	3	397
237	3	272
238	3	272
239	3	292
240	3	248
241	3	247
242	3	772
144	3	273
144	3	259
236	3	381
243	5	1202
244	5	1203
245	5	1203
246	5	1203
247	5	1202
248	5	1204
249	5	1202
250	5	1203
251	5	1203
252	5	1202
253	5	1202
254	5	1202
255	5	1202
256	5	1202
247	5	1205
257	5	1202
258	5	1203
259	5	1203
260	5	1203
261	5	1202
262	5	1203
263	5	1203
264	5	1204
265	5	1202
264	5	1203
266	5	1203
267	5	1202
249	5	1203
268	5	1203
269	5	1203
256	5	1203
267	5	1203
264	5	1202
270	5	1202
271	5	1202
272	5	1203
273	5	1203
271	5	1206
274	5	1202
275	5	1202
276	5	1202
253	5	1203
255	5	1203
265	5	1204
271	5	1207
247	5	1208
247	5	1209
277	5	1202
247	5	1203
278	5	1207
279	5	1202
280	5	1202
269	5	1202
281	5	1203
282	5	1203
276	5	1203
283	5	1203
284	5	1203
248	5	1203
285	5	1202
286	5	1203
278	5	1202
250	5	1202
287	5	1203
261	5	1203
247	5	1210
247	5	1211
252	5	1203
270	5	1203
288	5	1203
247	5	1212
278	5	1206
289	5	1203
290	5	1203
271	5	1203
278	5	1203
291	5	1203
292	5	1203
293	5	1202
247	5	1207
294	5	1202
295	5	1203
296	5	1203
297	5	1203
283	5	1202
271	5	1210
298	5	1202
299	5	1203
262	5	1202
300	5	1202
279	5	1203
301	5	1203
302	6	445
303	6	452
304	6	447
304	6	440
303	6	461
305	6	501
306	6	1213
307	6	440
302	6	458
308	6	453
303	6	441
304	6	442
306	6	501
308	6	454
304	6	462
307	6	503
308	6	440
306	6	444
305	6	1214
303	6	1215
304	6	1215
304	6	448
304	6	465
303	6	453
303	6	460
302	6	511
309	6	509
306	6	503
304	6	503
307	6	501
308	6	441
305	6	1216
307	6	1217
303	6	459
306	6	467
304	6	501
304	6	457
307	6	458
304	6	456
306	6	464
310	6	1216
304	6	443
303	6	440
304	6	449
309	6	462
307	6	1149
304	6	576
302	6	521
311	6	1218
311	6	552
312	6	577
313	6	1155
310	6	1219
310	6	566
303	6	1171
314	6	575
315	6	555
305	6	564
303	6	557
306	6	576
316	6	550
316	6	1220
305	6	1166
302	6	1196
302	6	1156
302	6	583
311	6	556
308	6	572
308	6	1179
308	6	564
308	6	1184
308	6	573
312	6	1162
312	6	1166
310	6	543
310	6	1221
310	6	531
303	6	567
314	6	550
317	6	1148
315	6	540
304	6	445
304	6	1150
304	6	1222
306	6	555
316	6	546
305	6	526
305	6	556
307	6	565
307	6	1223
304	6	1183
302	6	568
302	6	1224
308	6	563
312	6	1176
306	6	520
313	6	542
313	6	1225
310	6	532
310	6	1226
303	6	1157
316	6	518
314	6	1227
314	6	572
314	6	523
314	6	581
315	6	1228
318	6	555
304	6	580
304	6	1229
304	6	1219
316	6	1153
307	6	1168
307	6	530
307	6	562
307	6	1193
307	6	556
304	6	1164
302	6	517
302	6	541
311	6	514
311	6	1186
308	6	560
308	6	1230
308	6	570
312	6	1225
306	6	1222
313	6	1224
310	6	1185
310	6	533
316	6	1151
316	6	556
314	6	560
314	6	578
317	6	545
317	6	561
317	6	539
315	6	579
315	6	545
318	6	1160
310	6	557
304	6	1175
306	6	1231
306	6	585
316	6	578
305	6	1193
304	6	1221
302	6	542
302	6	531
302	6	1155
311	6	526
311	6	1175
308	6	1188
309	6	1226
313	6	550
313	6	541
313	6	1230
313	6	521
310	6	542
310	6	587
310	6	522
318	6	1152
318	6	578
306	6	1232
307	6	1146
304	6	1167
304	6	535
302	6	1167
302	6	575
312	6	568
313	6	1187
313	6	1229
310	6	1233
303	6	527
303	6	563
303	6	559
316	6	575
317	6	1155
317	6	1234
315	6	1218
315	6	535
318	6	558
318	6	546
309	6	549
316	6	545
316	6	539
316	6	1175
305	6	1165
307	6	526
302	6	545
311	6	1190
311	6	1235
312	6	563
309	6	541
313	6	891
310	6	1229
303	6	587
303	6	525
314	6	541
317	6	1236
317	6	1173
315	6	541
315	6	515
318	6	527
318	6	1158
318	6	556
305	6	1220
318	6	571
304	6	1233
304	6	1197
306	6	1167
316	6	1224
316	6	576
302	6	544
302	6	1237
302	6	585
311	6	1159
311	6	520
311	6	1195
313	6	1171
313	6	582
310	6	1220
314	6	1155
314	6	1224
314	6	1164
317	6	1238
318	6	547
318	6	539
305	6	1173
306	6	1173
316	6	1157
316	6	527
305	6	1161
305	6	1223
307	6	584
304	6	1176
302	6	554
302	6	1154
308	6	553
312	6	1183
312	6	1191
309	6	556
309	6	1173
309	6	535
313	6	1154
310	6	1228
303	6	570
316	6	536
316	6	535
314	6	1147
315	6	583
315	6	570
318	6	583
307	6	1163
306	6	1239
306	6	558
316	6	1152
316	6	583
305	6	1218
304	6	558
302	6	1186
302	6	1194
308	6	1187
308	6	1240
309	6	568
309	6	1224
313	6	583
313	6	522
310	6	1147
303	6	535
316	6	1182
314	6	1241
305	6	1235
315	6	581
318	6	581
318	6	1224
305	6	558
316	6	1158
316	6	522
304	6	588
307	6	1164
304	6	1173
311	6	575
308	6	1151
308	6	559
313	6	1192
310	6	529
310	6	515
310	6	1149
317	6	554
317	6	1160
305	6	1242
315	6	1219
315	6	566
318	6	522
317	6	516
316	6	581
305	6	1146
305	6	1158
305	6	535
304	6	1220
304	6	1232
302	6	580
302	6	1181
302	6	522
311	6	1192
311	6	519
308	6	1170
312	6	1150
306	6	551
309	6	542
309	6	1162
313	6	555
313	6	1169
313	6	585
313	6	1189
310	6	1180
303	6	548
317	6	586
317	6	525
315	6	569
315	6	1158
318	6	550
306	6	535
316	6	584
307	6	544
307	6	1148
307	6	519
307	6	1243
302	6	581
302	6	518
311	6	1156
308	6	1161
308	6	1171
308	6	565
312	6	578
313	6	1244
313	6	524
313	6	570
313	6	556
310	6	1157
303	6	1169
303	6	1172
314	6	1236
314	6	1181
314	6	525
317	6	550
317	6	555
315	6	1146
318	6	1220
318	6	1175
318	6	535
305	6	1164
302	6	1163
304	6	1235
306	6	532
306	6	1228
306	6	1220
306	6	1164
306	6	1176
305	6	543
304	6	1239
306	6	574
309	6	565
309	6	1161
313	6	1144
310	6	1144
303	6	1231
316	6	1145
314	6	1165
314	6	537
314	6	544
317	6	582
315	6	1157
305	6	1176
316	6	1160
316	6	547
305	6	519
307	6	1154
307	6	1166
304	6	564
304	6	1180
302	6	528
302	6	1233
302	6	533
311	6	536
311	6	1197
308	6	1145
308	6	1168
308	6	1154
312	6	538
309	6	543
309	6	561
313	6	1197
313	6	578
313	6	1245
310	6	1224
310	6	1242
303	6	1168
303	6	891
314	6	563
317	6	540
317	6	547
317	6	1246
315	6	544
315	6	1169
315	6	1195
318	6	545
302	6	571
307	6	549
306	6	1189
316	6	555
316	6	523
305	6	1185
305	6	1243
307	6	543
307	6	1165
302	6	550
302	6	555
302	6	1169
302	6	1182
302	6	515
311	6	537
308	6	445
308	6	0
308	6	1243
312	6	891
312	6	1172
309	6	579
309	6	552
313	6	1183
313	6	1179
313	6	535
310	6	579
310	6	1245
310	6	1222
314	6	1238
314	6	1191
315	6	553
304	6	891
305	6	562
304	6	1151
304	6	1189
311	6	548
311	6	1189
311	6	551
311	6	558
308	6	550
308	6	569
308	6	1193
313	6	1177
313	6	518
310	6	1146
303	6	1149
314	6	1219
314	6	535
317	6	1247
318	6	541
318	6	1153
318	6	584
318	6	518
305	6	555
309	6	516
306	6	1221
306	6	1180
305	6	1154
304	6	555
302	6	526
311	6	1177
312	6	1152
309	6	521
309	6	1164
313	6	1148
310	6	527
310	6	1231
303	6	1178
303	6	532
316	6	573
314	6	556
317	6	530
315	6	1150
318	6	576
318	6	575
318	6	1172
305	6	1189
305	6	544
307	6	1218
307	6	1161
307	6	1185
302	6	1148
311	6	1178
308	6	518
308	6	1220
312	6	1153
312	6	562
306	6	563
309	6	1170
313	6	529
313	6	544
313	6	1170
313	6	519
310	6	1244
303	6	1148
303	6	1166
314	6	1151
317	6	574
317	6	1182
317	6	576
315	6	521
318	6	577
318	6	1157
304	6	1192
306	6	1150
316	6	541
316	6	558
307	6	1247
307	6	535
304	6	585
302	6	1174
302	6	586
302	6	556
311	6	580
311	6	1181
311	6	1223
308	6	1227
308	6	567
312	6	1174
312	6	1165
312	6	584
312	6	1164
312	6	546
306	6	1234
309	6	1168
309	6	1158
310	6	524
316	6	568
314	6	1152
314	6	538
317	6	1241
305	6	1184
318	6	523
305	6	576
316	6	1172
305	6	554
305	6	584
307	6	554
307	6	1190
307	6	1240
307	6	1158
302	6	1151
311	6	523
311	6	585
308	6	1232
308	6	528
309	6	550
313	6	534
313	6	0
310	6	534
303	6	562
303	6	1188
314	6	1160
314	6	518
305	6	1246
315	6	1148
305	6	585
304	6	542
304	6	552
316	6	577
80	7	136
89	7	1248
85	7	155
80	7	172
85	7	172
80	7	143
85	7	154
81	7	177
85	7	141
85	7	143
77	7	409
85	7	1249
76	7	192
80	7	141
85	7	164
77	7	176
85	7	1250
85	7	410
85	7	428
85	7	424
85	7	171
85	7	414
85	7	176
76	7	176
77	7	177
76	7	177
85	7	186
77	7	186
76	7	186
80	7	187
77	7	187
85	7	188
319	7	188
77	7	191
76	7	191
77	7	194
76	7	194
77	7	1251
77	7	207
76	7	207
77	7	1252
76	7	1252
3	7	1253
1	7	1253
85	7	217
77	7	216
76	7	216
85	7	1254
319	7	1254
85	7	220
80	7	220
77	7	220
85	7	1255
80	7	1255
85	7	232
80	7	232
85	7	233
80	7	233
85	7	1256
80	7	1256
320	7	240
85	7	1257
80	7	1257
80	7	1258
85	7	1258
3	7	1253
1	7	1253
321	7	185
113	7	185
121	7	185
121	7	200
121	7	209
81	8	1259
77	8	1259
77	8	1260
88	8	857
97	8	1261
80	8	850
85	8	1262
91	8	1263
322	8	837
83	8	1264
90	8	1265
93	8	1266
92	8	1267
86	8	1268
94	8	1269
77	8	1267
77	8	1270
323	8	1271
76	8	1272
80	8	833
80	8	1273
85	8	833
91	8	1262
322	8	1274
322	8	1275
83	8	1276
93	8	1277
93	8	1278
84	8	1279
86	8	1269
77	8	1265
77	8	1279
97	8	1280
97	8	1281
85	8	1282
93	8	1283
93	8	1284
96	8	1259
84	8	1260
89	8	1285
87	8	1286
322	8	1287
322	8	1288
83	8	799
77	8	1289
323	8	1265
323	8	1279
323	8	1289
323	8	1290
85	8	1291
78	8	1262
95	8	1292
83	8	1293
83	8	1294
83	8	1295
81	8	1268
89	8	857
80	8	1296
87	8	1297
91	8	1271
92	8	1298
92	8	1299
92	8	1260
96	8	1265
94	8	1265
97	8	850
80	8	1280
78	8	1273
81	8	806
77	8	1299
323	8	1268
79	8	1269
85	8	1300
91	8	1273
83	8	1301
93	8	1302
93	8	1303
92	8	1270
96	8	1260
81	8	1279
84	8	1268
86	8	1279
94	8	1259
77	8	1290
80	8	1271
85	8	1263
83	8	839
83	8	1304
93	8	1305
92	8	1279
94	8	1298
94	8	1270
88	8	1259
76	8	1279
82	8	1289
97	8	1296
97	8	1306
85	8	823
85	8	1292
87	8	1291
83	8	1307
83	8	1308
96	8	1289
88	8	1260
80	8	1281
87	8	1309
322	8	1310
81	8	1267
86	8	1290
94	8	1267
78	8	1311
95	8	850
93	8	1312
92	8	1290
89	8	1313
77	8	806
97	8	833
85	8	1273
83	8	1303
96	8	1279
89	8	1314
94	8	1260
77	8	1268
76	8	839
85	8	1306
322	8	1315
83	8	1316
93	8	1317
93	8	1318
84	8	1267
84	8	1259
89	8	1267
86	8	1260
86	8	1270
76	8	1271
80	8	1311
80	8	1261
80	8	1319
85	8	1319
91	8	1320
322	8	1321
92	8	1265
92	8	1289
77	8	1298
88	8	1271
79	8	1268
97	8	1322
97	8	1320
95	8	1323
95	8	823
96	8	1267
94	8	1299
94	8	1290
77	8	1271
323	8	1260
323	8	1270
80	8	1300
85	8	1281
85	8	1320
87	8	1282
87	8	833
91	8	1272
83	8	1324
83	8	1325
90	8	1326
94	8	1289
88	8	1279
88	8	1299
79	8	806
97	8	1311
97	8	1272
85	8	1327
83	8	1328
83	8	1329
83	8	846
83	8	1330
81	8	1299
85	8	1331
85	8	1261
85	8	1271
91	8	1300
322	8	1332
83	8	1333
83	8	1334
90	8	837
84	8	1290
89	8	1259
77	8	1335
76	8	1313
97	8	1262
97	8	1263
322	8	1329
83	8	860
90	8	1277
93	8	1336
92	8	1259
88	8	1270
79	8	1279
82	8	1279
85	8	1337
95	8	1338
322	8	1339
83	8	1340
83	8	1341
93	8	1342
324	8	1343
3	8	1321
3	8	1344
1	8	1343
1	8	1345
324	8	1345
324	8	1346
98	8	1347
2	8	839
1	8	1348
3	8	1346
1	8	1347
3	8	1349
1	8	1350
324	8	1326
2	8	1321
3	8	1347
4	8	1321
324	8	1351
2	8	1345
3	8	1351
1	8	1352
98	8	1352
3	8	1353
325	8	1345
1	8	1346
1	8	1353
98	8	1354
1	8	1349
2	8	821
1	8	1351
1	8	1355
98	8	1355
98	8	1356
325	8	1343
2	8	1326
2	8	1289
1	8	1344
1	8	1357
325	8	1349
2	8	816
4	8	1351
1	8	1356
1	8	1321
98	8	1345
3	8	1345
3	8	1358
1	8	1354
98	8	1326
3	8	1350
4	8	839
4	8	821
324	8	1359
324	8	1347
116	8	1265
108	8	1270
108	8	1290
119	8	1338
326	8	1347
119	8	839
116	8	1313
109	8	1259
119	8	1296
326	8	1353
117	8	1279
109	8	1290
108	8	1299
123	8	1300
123	8	1292
119	8	1261
119	8	1306
123	8	1311
123	8	1327
109	8	1279
99	8	1271
117	8	1268
109	8	1313
327	8	1321
123	8	1319
129	8	1360
99	8	1360
111	8	1361
108	8	1260
117	8	1289
116	8	857
109	8	1314
116	8	1361
123	8	1291
327	8	1347
123	8	1263
103	8	1362
117	8	1267
117	8	1335
116	8	1298
109	8	1299
123	8	1296
99	8	1305
116	8	1260
109	8	1271
123	8	1338
326	8	1346
123	8	1262
116	8	1268
109	8	1285
108	8	1285
108	8	839
119	8	837
129	8	784
108	8	1265
123	8	850
108	8	1361
120	8	1289
117	8	1285
326	8	1350
117	8	1314
119	8	1280
108	8	1271
122	8	1361
120	8	1351
109	8	1270
129	8	1340
117	8	1298
117	8	806
108	8	1272
123	8	1320
123	8	1273
108	8	1268
327	8	1346
326	8	1358
123	8	1271
103	8	1340
119	8	1340
117	8	1269
116	8	1271
108	8	857
327	8	1353
123	8	1261
116	8	1269
116	8	1270
109	8	839
106	8	1298
116	8	1289
109	8	1269
123	8	1280
327	8	1351
106	8	1351
101	8	1331
124	8	1271
116	8	806
116	8	1272
123	8	1306
328	9	304
329	9	311
329	9	313
330	9	318
331	9	307
329	9	302
332	9	302
333	9	308
333	9	312
333	9	317
329	9	314
333	9	315
330	9	303
331	9	309
330	9	316
331	9	305
328	9	306
334	10	458
335	10	458
336	10	458
337	10	458
338	10	458
339	10	458
340	10	458
341	10	458
342	10	458
343	10	458
343	10	463
343	10	442
343	10	440
343	10	889
343	10	460
342	10	1250
344	10	1363
345	10	1364
342	10	1249
346	10	1365
342	10	1366
342	10	1367
342	10	1368
347	10	402
348	10	1369
342	10	1370
349	10	1371
342	10	1372
350	10	1373
351	10	187
351	10	1258
352	10	187
352	10	1258
352	10	1374
352	10	242
353	10	1258
354	10	134
355	10	134
356	10	187
357	10	188
358	10	187
359	10	1253
360	10	158
361	10	134
342	10	403
362	10	403
363	10	158
363	10	403
364	10	1253
365	10	1375
365	10	158
366	10	409
367	10	1253
368	10	1253
369	10	1258
369	10	187
369	10	1257
370	10	187
370	10	1374
370	10	1376
371	10	1253
372	10	1376
372	10	187
373	10	133
373	10	1258
373	10	187
374	10	187
374	10	1258
374	10	158
375	11	247
376	11	271
253	11	271
296	11	248
377	11	248
268	11	272
283	11	278
378	11	248
297	11	774
379	11	247
380	11	272
245	11	272
259	11	273
254	11	271
275	11	271
282	11	272
381	11	273
382	11	273
285	11	278
252	11	247
251	11	248
383	11	774
263	11	272
257	11	278
300	11	278
384	11	248
258	11	271
284	11	774
272	11	771
249	11	271
288	11	272
386	11	273
387	11	278
388	11	774
274	11	271
255	11	271
244	11	272
267	11	278
260	11	774
389	11	271
262	11	271
290	11	273
278	11	771
293	11	247
281	11	271
295	11	248
247	11	771
264	11	247
390	11	248
265	11	271
277	11	278
291	11	271
287	11	272
248	11	771
271	11	771
391	11	247
243	11	271
392	11	272
299	11	248
393	11	247
289	11	271
280	11	271
394	11	273
276	11	278
256	11	278
395	11	248
301	11	248
292	11	774
270	11	271
298	11	271
246	11	248
266	11	774
294	11	247
396	11	272
397	11	273
250	11	278
273	11	771
398	11	247
279	11	247
286	11	272
269	11	278
399	11	247
261	11	278
400	12	516
400	12	557
400	12	549
401	12	571
400	12	1163
304	13	87
302	13	91
308	13	80
309	13	81
310	13	80
317	13	88
307	13	88
309	13	92
303	13	76
303	13	89
302	13	78
312	13	88
310	13	76
314	13	89
304	13	76
302	13	76
302	13	95
308	13	89
310	13	91
303	13	85
318	13	88
304	13	88
312	13	80
313	13	91
314	13	92
305	13	80
309	13	86
303	13	92
316	13	94
314	13	81
315	13	76
302	13	81
308	13	92
309	13	80
313	13	76
313	13	88
310	13	86
303	13	86
314	13	85
317	13	76
317	13	92
315	13	81
318	13	89
305	13	82
305	13	86
307	13	85
302	13	89
311	13	76
313	13	80
302	13	86
313	13	92
314	13	86
317	13	81
315	13	91
305	13	81
311	13	323
313	13	86
310	13	88
303	13	88
317	13	86
318	13	76
305	13	91
304	13	92
302	13	88
309	13	88
309	13	85
310	13	85
310	13	92
315	13	87
304	13	85
308	13	88
308	13	91
312	13	77
313	13	85
307	13	81
304	13	89
302	13	80
311	13	85
308	13	86
312	13	82
313	13	81
317	13	80
315	13	80
318	13	91
305	13	92
307	13	92
304	13	86
310	13	81
305	13	76
312	13	92
303	13	81
314	13	80
315	13	88
318	13	81
307	13	86
312	13	85
314	13	76
315	13	85
315	13	92
307	13	82
307	13	80
308	13	76
308	13	85
312	13	84
310	13	89
317	13	91
318	13	80
305	13	89
304	13	91
306	13	85
309	13	76
309	13	91
305	13	88
307	13	91
302	13	92
309	13	82
309	13	89
313	13	89
317	13	85
315	13	89
307	13	89
304	13	78
304	13	80
304	13	81
302	13	84
302	13	85
308	13	81
314	13	88
314	13	91
318	13	85
318	13	92
318	13	86
305	13	85
307	13	76
304	13	95
303	13	91
303	13	80
317	13	89
315	13	86
309	13	324
303	13	324
315	13	98
318	13	324
306	13	1
316	13	1
316	13	3
307	13	4
304	13	98
309	13	325
308	13	1
308	13	3
318	13	1
307	13	325
315	13	325
318	13	2
315	13	3
310	13	324
302	13	324
311	13	3
318	13	4
311	13	1
310	13	3
305	13	2
315	13	1
305	13	4
304	13	1
310	13	1
304	13	2
308	13	2
305	13	324
307	13	2
307	13	324
306	13	325
309	13	2
314	13	325
314	13	2
302	13	325
315	13	324
304	13	325
313	13	325
313	13	324
303	13	325
305	13	325
302	13	4
315	13	4
317	13	3
302	13	2
302	13	98
308	13	324
308	13	4
316	13	325
314	13	4
304	13	3
315	13	2
314	13	3
304	13	4
313	13	2
313	13	4
314	13	324
309	13	3
309	13	1
304	13	324
309	13	4
310	13	4
303	13	2
303	13	4
318	13	325
317	13	1
314	13	1
310	13	123
307	13	108
304	13	107
317	13	126
315	13	123
304	13	108
302	13	122
308	13	123
314	13	115
317	13	122
313	13	106
313	13	123
305	13	107
305	13	122
307	13	122
309	13	107
314	13	108
304	13	106
312	13	106
313	13	122
303	13	126
318	13	107
302	13	126
309	13	108
303	13	123
318	13	108
302	13	107
308	13	108
309	13	115
310	13	107
314	13	107
308	13	107
308	13	115
313	13	115
310	13	106
303	13	115
314	13	106
315	13	107
315	13	122
318	13	115
304	13	126
302	13	115
313	13	108
315	13	106
303	13	106
315	13	126
318	13	106
318	13	123
304	13	115
309	13	126
309	13	123
313	13	126
315	13	108
305	13	126
308	13	122
314	13	122
317	13	123
318	13	122
305	13	108
307	13	106
305	13	106
312	13	123
309	13	106
307	13	115
304	13	122
302	13	106
302	13	108
303	13	107
314	13	126
314	13	123
307	13	107
304	13	123
309	13	122
313	13	107
303	13	122
315	13	115
305	13	123
307	13	126
308	13	106
302	13	123
303	13	108
307	13	123
310	13	122
318	13	126
305	13	115
151	14	355
143	14	632
152	14	606
155	14	343
402	14	347
403	14	689
403	14	612
168	14	371
145	25	642
156	25	594
164	14	652
161	25	698
139	25	698
404	14	663
405	14	1377
406	14	1378
403	14	630
149	14	699
150	25	664
136	14	589
140	14	693
173	14	361
407	14	1379
403	14	683
403	14	688
174	25	594
157	25	698
142	25	698
162	25	1380
147	14	675
408	14	622
167	25	647
175	25	698
148	25	620
409	14	605
133	14	373
146	25	1381
137	25	698
146	25	698
162	25	698
410	14	1382
403	14	679
165	25	698
159	25	698
141	14	652
170	25	694
139	25	1381
411	14	678
412	14	350
403	14	601
135	14	341
160	25	671
175	25	590
169	25	664
413	14	341
414	14	341
415	25	1383
174	25	1384
416	14	651
417	14	1385
418	14	1386
166	14	646
167	25	590
419	14	1386
409	14	673
153	25	594
420	25	1380
172	14	342
421	25	1383
422	14	651
423	14	355
424	14	341
425	14	341
426	14	1386
409	14	602
409	14	703
163	25	642
427	25	1387
137	25	1381
142	25	590
409	14	593
409	14	631
146	25	1384
162	25	642
144	14	641
154	14	595
138	14	372
428	14	651
171	14	343
429	25	1383
161	25	1388
430	25	1380
431	14	342
432	14	1386
433	14	1389
434	14	342
403	14	613
403	14	692
435	25	1390
436	25	1383
134	14	354
158	14	603
162	25	647
437	14	651
438	14	1391
177	14	705
177	14	706
177	14	602
178	14	707
178	14	708
178	14	709
180	14	710
180	14	711
181	14	712
181	14	713
183	14	715
183	14	716
184	14	717
185	14	718
188	14	719
189	14	721
190	14	722
191	14	723
192	14	724
194	14	725
201	14	727
202	14	728
203	14	729
209	14	731
214	14	732
216	14	704
217	14	733
218	14	734
220	14	736
224	14	737
225	14	738
439	14	740
240	14	741
241	14	742
242	14	743
144	14	744
144	14	745
144	14	746
236	14	729
440	15	247
441	15	271
442	15	290
443	15	273
440	15	278
440	15	273
444	15	273
441	15	278
445	15	265
446	15	255
447	15	273
448	15	273
449	15	273
442	15	382
450	15	290
451	15	284
452	15	271
453	15	290
454	15	278
455	15	386
440	15	271
450	15	397
456	15	247
445	15	248
457	15	273
458	15	248
453	15	249
445	15	247
453	15	300
452	15	247
453	15	277
445	15	296
442	15	259
459	15	249
442	15	273
442	15	381
440	15	272
460	15	249
461	15	249
447	15	382
453	15	256
453	15	288
445	15	266
454	15	247
447	15	296
456	15	273
459	15	271
462	15	390
463	15	247
455	15	284
458	15	272
464	15	273
465	15	273
442	15	397
466	15	247
467	15	273
468	16	596
469	16	690
470	16	624
471	16	676
472	16	609
473	16	691
474	16	661
475	16	693
476	16	373
477	16	372
475	16	699
478	16	684
470	16	643
479	16	700
472	16	621
480	16	610
481	16	635
471	16	655
475	16	595
482	16	647
478	16	607
480	16	697
483	16	662
484	16	667
475	16	645
485	16	369
485	16	359
471	16	625
473	16	353
474	16	627
486	16	371
485	16	370
471	16	368
487	16	351
485	16	360
485	16	654
469	16	617
480	16	358
488	16	619
489	16	675
490	16	1392
485	16	649
475	16	343
491	16	665
488	16	634
480	16	669
471	16	356
472	16	687
487	16	677
475	16	641
492	16	671
482	16	620
493	16	614
494	16	658
481	16	598
481	16	623
484	16	659
469	16	695
483	16	670
468	16	615
470	16	680
483	16	686
471	16	701
472	16	357
495	16	668
475	16	355
478	16	653
471	16	650
480	16	660
476	16	702
488	16	639
475	16	632
475	16	589
482	16	648
474	16	600
468	16	672
468	16	597
485	16	374
496	16	364
484	16	685
473	16	592
486	16	599
480	16	656
475	16	698
475	16	590
485	16	352
486	16	696
474	16	363
488	16	640
474	16	594
468	16	633
485	16	367
472	16	365
473	16	618
495	16	681
476	16	674
497	16	646
475	16	694
498	16	608
472	16	637
473	16	626
476	16	362
480	16	342
475	16	341
499	16	604
484	16	666
472	16	366
500	16	682
463	17	1393
501	17	1394
502	17	1395
503	17	1396
458	17	1397
453	17	1398
504	17	1399
459	17	1400
461	17	1401
446	17	1400
445	17	1402
505	17	1401
506	17	1403
507	17	1398
508	17	1401
509	17	1143
510	17	1404
511	17	1405
454	17	1398
447	17	1406
460	17	1407
448	17	1408
512	17	1409
513	17	1398
514	17	1410
515	17	1411
516	17	1143
517	17	1398
518	17	1410
519	17	1412
520	17	1411
521	17	1410
522	17	1410
523	17	1413
524	17	1411
525	17	1410
526	17	1411
527	17	1410
528	17	1411
529	17	1414
530	17	1415
531	17	1396
532	17	1143
533	17	1398
534	17	1398
535	17	1143
536	17	1410
537	17	1410
441	17	1416
538	17	1398
539	17	1143
540	17	1410
541	17	1410
542	17	1398
543	17	1143
544	17	1398
545	17	1410
546	17	1410
547	17	1410
548	17	1398
549	17	1410
550	17	1417
551	17	1410
552	17	1410
553	17	1410
554	17	1418
555	17	1410
556	17	1410
557	17	1143
558	17	1395
559	17	1410
560	17	1410
561	17	1143
562	17	1410
563	17	1411
564	17	1143
565	17	1410
566	17	1410
567	17	1143
568	17	1398
569	17	1410
570	17	1410
571	17	1410
572	17	1411
573	17	1410
574	17	1410
575	17	1410
576	17	1410
577	17	1143
578	17	1410
579	17	1410
580	17	1410
581	17	1410
582	17	1143
583	17	1411
584	17	1410
585	17	1419
586	17	1410
587	17	1143
588	17	1410
316	18	280
302	18	248
315	18	269
318	18	271
318	18	280
307	18	288
303	18	249
303	18	271
314	18	248
305	18	272
312	18	278
309	18	245
309	18	272
305	18	244
315	18	278
307	18	272
308	18	278
304	18	273
317	18	278
302	18	774
304	18	381
316	18	271
311	18	248
310	18	252
313	18	248
306	18	273
308	18	300
317	18	250
589	18	247
590	18	247
591	18	272
592	18	286
337	18	248
593	18	276
594	18	278
595	18	247
596	18	269
597	18	269
598	18	257
599	18	376
600	18	278
601	18	283
602	18	276
603	18	243
604	18	392
360	18	300
367	18	300
352	18	300
374	18	300
353	18	286
334	18	248
605	18	276
606	18	391
607	18	377
608	18	290
609	18	267
357	18	267
610	18	293
339	18	247
611	18	273
612	18	381
613	18	772
373	18	271
372	18	772
614	18	259
615	18	269
616	18	265
617	18	279
618	18	286
619	18	265
620	18	272
621	18	267
365	18	267
363	18	278
622	18	247
623	18	257
624	18	282
625	18	273
626	18	286
358	18	293
627	18	278
628	18	398
359	18	300
629	18	273
351	18	281
630	18	252
631	18	278
632	18	247
633	18	269
634	18	265
635	18	257
636	18	273
637	18	267
638	18	293
639	18	265
640	18	265
641	18	247
642	18	391
643	18	282
644	18	289
645	18	247
340	18	247
343	18	247
341	18	247
646	18	253
647	18	272
648	18	272
649	18	300
650	18	273
338	18	248
651	18	247
652	18	391
653	18	377
356	18	273
370	18	300
654	18	300
655	18	273
656	18	293
657	18	253
371	18	376
355	18	247
658	18	277
659	18	256
366	18	267
660	18	293
661	18	278
662	18	244
335	18	248
663	18	272
361	18	257
664	18	247
665	18	382
666	18	256
667	18	256
668	18	386
364	18	294
669	18	293
670	18	244
671	18	255
672	18	269
673	18	381
674	18	271
354	18	293
675	18	249
676	18	273
677	18	281
678	18	247
679	18	247
342	18	293
680	18	282
681	18	386
682	18	264
683	18	772
684	18	377
685	18	256
686	18	244
369	18	300
687	18	267
688	18	273
689	18	247
690	18	279
691	18	286
336	18	296
692	18	252
693	18	247
694	18	247
368	18	273
695	18	279
696	18	376
697	18	293
698	18	247
699	18	247
700	18	270
701	18	273
702	18	271
362	18	271
703	18	257
704	18	271
704	18	1201
705	18	276
706	18	276
707	18	248
708	18	248
709	18	248
710	18	290
711	18	290
712	18	382
713	18	382
714	18	397
715	18	252
716	18	252
717	18	290
718	18	248
719	18	247
720	18	382
721	18	256
722	18	271
723	18	257
724	18	243
725	18	257
726	18	278
727	18	386
728	18	249
729	18	381
730	18	381
731	18	272
732	18	376
704	18	289
733	18	270
734	18	248
735	18	248
736	18	247
737	18	247
738	18	247
739	18	247
740	18	382
741	18	248
742	18	247
743	18	772
744	18	247
745	18	273
746	18	259
80	19	351
92	19	592
85	19	618
83	19	627
85	19	352
80	19	666
83	19	618
77	19	667
85	19	666
77	19	618
90	19	667
89	19	592
83	19	677
81	19	592
97	19	351
80	19	353
85	19	654
85	19	639
92	19	667
80	19	358
90	19	690
85	19	645
85	19	359
322	19	677
323	19	639
85	19	627
85	19	690
85	19	360
85	19	667
747	19	592
747	19	618
76	19	618
747	19	667
76	19	667
97	19	654
93	19	654
77	19	654
79	19	675
85	19	604
85	19	682
80	19	682
76	19	657
77	19	657
83	19	696
85	19	696
77	19	365
85	19	365
83	19	366
83	19	609
85	19	695
97	19	695
97	19	370
83	19	1420
322	19	1420
85	19	596
97	19	596
77	19	596
80	19	596
83	19	1421
76	19	1421
747	19	1421
1	19	368
1	19	700
1	19	659
4	19	371
3	19	659
1	19	690
1	19	667
1	19	369
1	19	364
3	19	700
3	19	690
1	19	367
1	19	360
3	19	371
1	19	1422
1	19	644
1	19	691
1	19	619
1	19	359
1	19	362
1	19	610
1	19	366
1	19	609
1	19	695
1	19	371
1	19	596
3	19	596
1	19	1421
748	20	85
748	20	86
749	20	92
750	20	78
750	20	323
751	20	76
752	20	89
753	20	78
753	20	85
753	20	89
753	20	81
753	20	86
754	20	76
755	20	89
755	20	91
756	20	85
757	20	85
754	20	92
749	20	76
758	20	83
751	20	91
755	20	80
752	20	87
752	20	88
759	20	88
760	20	90
752	20	86
761	20	92
761	20	89
757	20	82
748	20	81
752	20	76
752	20	81
753	20	95
762	20	82
762	20	88
749	20	94
758	20	322
763	20	87
752	20	78
752	20	91
754	20	91
754	20	89
762	20	91
751	20	88
760	20	80
756	20	83
757	20	86
748	20	88
753	20	76
753	20	91
761	20	80
762	20	85
754	20	85
749	20	89
762	20	76
748	20	91
752	20	80
749	20	85
759	20	93
759	20	91
759	20	323
756	20	78
757	20	88
753	20	80
761	20	76
749	20	86
764	20	85
757	20	77
752	20	85
761	20	85
763	20	94
765	20	91
764	20	322
748	20	80
753	20	92
754	20	86
758	20	91
765	20	79
748	20	89
762	20	77
754	20	88
749	20	81
766	20	82
756	20	88
756	20	82
752	20	92
762	20	81
758	20	90
756	20	76
757	20	89
753	20	88
753	20	323
762	20	89
762	20	87
750	20	81
760	20	81
757	20	92
761	20	81
749	20	91
755	20	81
765	20	80
757	20	91
748	20	82
761	20	86
757	20	83
757	20	322
749	20	88
749	20	80
759	20	83
766	20	91
748	20	76
752	20	95
753	20	84
761	20	88
762	20	92
754	20	80
751	20	323
763	20	86
765	20	323
765	20	90
748	20	92
761	20	91
754	20	81
750	20	97
750	20	77
763	20	83
765	20	95
757	20	81
757	20	78
762	20	80
762	20	86
758	20	77
759	20	92
757	20	79
753	20	324
761	20	4
763	20	1
756	20	325
757	20	325
752	20	325
748	20	1
762	20	325
752	20	98
753	20	3
762	20	1
753	20	2
763	20	324
756	20	3
753	20	98
748	20	4
749	20	2
748	20	2
748	20	324
752	20	2
767	20	3
761	20	324
761	20	1
761	20	2
768	20	3
754	20	324
769	20	325
748	20	325
752	20	4
761	20	3
757	20	3
754	20	1
752	20	3
749	20	3
757	20	1
757	20	2
748	20	3
749	20	1
749	20	325
762	20	3
749	20	324
768	20	2
761	20	325
752	20	1
753	20	325
770	20	1
753	20	1
763	20	2
293	21	1423
291	21	1424
269	21	1425
256	21	1426
378	21	1427
273	21	752
289	21	874
275	21	877
250	21	764
246	21	872
281	21	487
268	21	1428
260	21	1429
771	21	400
389	21	1430
253	21	1431
282	21	1432
263	21	1433
384	21	1434
272	21	748
253	21	885
250	21	1435
395	21	1436
295	21	1437
266	21	1438
376	21	1439
394	21	1440
387	21	1441
300	21	1442
252	21	754
245	21	763
386	21	765
772	21	477
773	21	1443
274	21	1444
261	21	1445
264	21	1446
281	21	1447
295	21	1448
390	21	1449
772	21	755
773	21	882
249	21	768
399	21	1450
282	21	470
276	21	1451
297	21	1452
264	21	750
288	21	876
376	21	486
254	21	1453
246	21	1454
378	21	1455
284	21	1456
774	21	332
268	21	1457
283	21	1458
288	21	1459
290	21	498
387	21	1460
272	21	331
278	21	333
289	21	1461
298	21	1462
245	21	1463
286	21	1464
251	21	1465
384	21	769
270	21	479
243	21	1466
255	21	492
275	21	1467
276	21	1468
299	21	1469
301	21	1470
288	21	1471
290	21	1472
285	21	1473
293	21	480
774	21	1474
289	21	1475
383	21	1476
258	21	1477
301	21	1478
248	21	753
299	21	886
378	21	884
278	21	474
394	21	1479
267	21	472
251	21	1480
247	21	1481
395	21	1482
388	21	1483
266	21	1484
278	21	762
247	21	475
257	21	481
252	21	1485
291	21	1486
258	21	1487
275	21	1488
277	21	1489
296	21	1490
293	21	758
294	21	766
253	21	497
280	21	1491
397	21	1492
386	21	495
257	21	1493
271	21	749
774	21	883
279	21	759
243	21	878
381	21	881
262	21	1494
283	21	1495
256	21	484
300	21	485
248	21	329
294	21	1496
396	21	1497
279	21	469
264	21	500
380	21	1498
269	21	468
277	21	494
296	21	1499
273	21	328
243	21	1500
266	21	770
248	21	1501
273	21	471
398	21	1502
392	21	499
279	21	1503
270	21	1504
386	21	1505
247	21	757
243	21	868
391	21	870
285	21	756
283	21	875
244	21	483
381	21	1506
255	21	1507
382	21	1508
244	21	880
397	21	871
277	21	879
272	21	482
249	21	489
265	21	488
263	21	490
286	21	473
377	21	478
384	21	1509
398	21	1510
274	21	1511
254	21	1512
380	21	1513
261	21	1514
299	21	1515
294	21	496
298	21	1516
285	21	1517
390	21	1518
297	21	1519
280	21	1520
376	21	751
259	21	873
382	21	491
271	21	330
249	21	1521
287	21	1522
381	21	1523
397	21	1524
250	21	1525
284	21	1526
243	21	1466
391	21	1527
287	21	1528
396	21	1529
245	21	1530
259	21	493
252	21	1531
244	21	1532
392	21	1533
259	21	1534
377	21	1535
292	21	1536
260	21	1537
383	21	1538
270	21	767
292	21	1539
388	21	1540
265	21	1541
262	21	1542
267	21	1543
246	21	1544
389	21	887
265	21	760
300	21	761
296	21	869
271	21	476
389	21	1545
775	22	457
776	22	507
777	22	451
778	22	1546
779	22	889
780	22	1216
781	22	1215
782	22	450
783	22	442
784	22	504
785	22	1547
786	22	440
787	22	1548
788	22	459
789	22	1216
790	22	1549
791	22	446
792	22	510
793	22	503
794	22	1550
795	22	459
796	22	466
797	22	1546
798	22	1551
799	22	458
800	22	448
801	22	1552
802	22	505
803	22	1553
804	22	504
787	22	447
799	22	443
784	22	1554
776	22	454
805	22	445
806	22	1555
807	22	1556
808	22	510
809	22	1557
810	22	904
811	22	506
812	22	1551
813	22	449
814	22	1558
781	22	897
815	22	1559
816	22	505
810	22	504
787	22	455
817	22	1213
818	22	448
793	22	1560
809	22	508
819	22	459
820	22	1561
821	22	1562
810	22	509
822	22	504
823	22	457
824	22	463
825	22	1552
826	22	1555
786	22	508
778	22	502
827	22	897
828	22	1559
829	22	1559
799	22	1563
830	22	513
799	22	512
831	22	453
786	22	1564
827	22	440
789	22	454
832	22	1216
833	22	1215
834	22	1565
833	22	511
835	22	1215
836	22	512
833	22	454
823	22	454
827	22	1555
785	22	508
837	22	1566
838	22	1567
832	22	454
787	22	457
839	22	454
840	22	448
787	22	1568
841	22	1214
842	22	1555
843	22	1569
844	22	459
845	22	1565
804	22	1570
776	22	896
827	22	458
846	22	454
847	22	1555
848	22	1571
849	22	1217
776	22	510
776	22	501
850	22	454
851	22	459
852	22	453
853	22	1572
799	22	440
786	22	458
854	22	1213
855	22	1568
803	22	465
823	22	512
856	22	1573
790	22	896
799	22	897
820	22	1568
857	22	448
858	22	1215
824	22	450
859	22	1547
860	22	904
861	22	1574
824	22	447
862	22	1555
863	22	1555
864	22	898
837	22	460
790	22	510
779	22	1575
802	22	896
827	22	443
786	22	443
833	22	463
865	22	888
866	22	459
823	22	453
867	22	504
748	23	1306
752	23	839
752	23	1261
750	23	839
766	23	1267
748	23	1347
748	23	1354
749	23	1351
763	23	1350
756	23	1343
757	23	1326
757	23	1358
769	23	1314
868	23	1291
869	23	778
755	23	850
870	23	1284
770	23	1296
761	23	1576
871	23	775
765	23	1321
758	23	1270
756	23	1260
872	23	1265
752	23	1309
752	23	1272
752	23	1273
752	23	1268
752	23	1296
753	23	1270
753	23	1300
754	23	1292
749	23	1292
750	23	1296
764	23	839
748	23	1359
749	23	1343
762	23	1343
756	23	1358
757	23	1260
769	23	1322
873	23	1321
770	23	802
874	23	863
757	23	1362
752	23	842
759	23	1339
766	23	1577
748	23	823
748	23	1269
752	23	1265
753	23	839
753	23	1271
753	23	1269
750	23	1300
750	23	1289
759	23	1300
759	23	1296
766	23	1313
756	23	1268
752	23	1358
762	23	1354
770	23	1358
757	23	1347
757	23	1353
757	23	1272
757	23	1313
868	23	775
757	23	1263
761	23	1332
759	23	1322
875	23	1298
756	23	1578
762	23	813
763	23	792
752	23	1271
752	23	1279
752	23	1298
753	23	1309
753	23	1299
762	23	857
762	23	1269
750	23	1323
751	23	839
755	23	1331
766	23	1268
765	23	1331
756	23	1296
762	23	1351
769	23	1343
763	23	1358
757	23	857
876	23	842
876	23	1274
869	23	846
877	23	1269
757	23	775
757	23	1302
878	23	1348
761	23	843
759	23	1578
875	23	1362
758	23	1579
764	23	1580
749	23	1279
748	23	1262
748	23	1300
748	23	1292
752	23	1269
761	23	1320
762	23	1262
749	23	1298
749	23	806
751	23	1289
764	23	1306
763	23	1346
757	23	1309
769	23	1334
761	23	1581
875	23	844
764	23	1301
872	23	1329
872	23	1578
748	23	850
752	23	1323
752	23	1292
752	23	1306
752	23	1337
753	23	1281
762	23	1261
762	23	1313
751	23	1291
755	23	1289
759	23	1306
756	23	1306
764	23	1267
748	23	1358
752	23	1345
757	23	821
757	23	839
876	23	1332
879	23	1260
870	23	808
770	23	779
880	23	1345
874	23	812
751	23	1265
754	23	1298
754	23	1336
753	23	1327
761	23	1296
762	23	1323
762	23	1338
754	23	833
760	23	1300
764	23	1300
752	23	1357
754	23	1354
767	23	1321
763	23	1348
756	23	1321
757	23	1359
868	23	1582
750	23	1299
770	23	786
767	23	1319
761	23	1291
765	23	792
756	23	1299
768	23	1322
748	23	1298
748	23	1296
753	23	1338
761	23	1263
754	23	1309
750	23	1331
760	23	1260
763	23	1313
748	23	1343
752	23	1356
757	23	1300
757	23	1297
755	23	1282
870	23	1305
770	23	1348
881	23	1288
881	23	1583
752	23	1328
759	23	1332
753	23	866
875	23	847
758	23	1584
764	23	1585
749	23	829
872	23	1291
872	23	806
882	23	843
768	23	829
748	23	1279
748	23	1267
753	23	1286
753	23	1279
753	23	1285
761	23	1267
759	23	1267
766	23	1320
765	23	1268
765	23	1289
748	23	1350
761	23	1347
757	23	1321
757	23	1354
757	23	1261
883	23	1338
883	23	1263
870	23	798
767	23	814
766	23	1586
884	23	1587
875	23	1329
758	23	829
764	23	1305
748	23	1260
752	23	1267
761	23	833
762	23	833
751	23	1338
755	23	1338
755	23	839
764	23	857
748	23	1355
768	23	1344
769	23	821
756	23	1352
757	23	1343
757	23	1269
757	23	1299
868	23	1263
873	23	1588
879	23	1318
760	23	1318
761	23	1580
753	23	1580
884	23	817
756	23	1278
748	23	1259
748	23	1261
761	23	1299
749	23	1323
766	23	839
748	23	1352
748	23	1326
752	23	1352
749	23	1358
763	23	1359
767	23	1356
757	23	1292
757	23	1291
769	23	1327
868	23	845
877	23	850
881	23	1319
880	23	832
878	23	1343
878	23	778
875	23	864
756	23	1263
762	23	1589
753	23	1282
753	23	1261
753	23	1319
762	23	1320
762	23	1280
759	23	1320
760	23	1265
763	23	1267
749	23	1356
762	23	1321
749	23	1350
770	23	1347
756	23	1356
757	23	1311
883	23	1292
883	23	1583
876	23	802
870	23	1590
770	23	812
881	23	1283
881	23	1314
880	23	1305
761	23	860
765	23	1309
766	23	1290
764	23	810
756	23	1591
872	23	1319
763	23	1278
748	23	839
748	23	1313
753	23	1273
753	23	1267
753	23	1292
761	23	1260
751	23	1331
754	23	1347
770	23	1356
876	23	826
873	23	1592
755	23	1269
750	23	1302
885	23	1593
885	23	1294
870	23	1273
878	23	1594
765	23	1339
749	23	1595
872	23	1263
748	23	1271
748	23	1280
748	23	806
752	23	1259
752	23	1299
762	23	1268
750	23	1338
755	23	1291
760	23	1331
760	23	1289
748	23	1353
762	23	1356
768	23	1321
757	23	1296
755	23	863
878	23	1313
765	23	1272
884	23	808
875	23	1358
764	23	776
872	23	813
882	23	1274
763	23	1260
748	23	1331
748	23	1291
762	23	1291
749	23	839
762	23	1270
762	23	1311
759	23	1268
756	23	1267
752	23	1343
757	23	1337
769	23	1590
770	23	1334
770	23	1354
877	23	1267
881	23	808
767	23	1339
878	23	1299
765	23	866
886	23	1578
875	23	1323
764	23	1294
872	23	1595
748	23	1272
748	23	1265
753	23	1313
753	23	1289
761	23	857
754	23	1261
749	23	1260
766	23	857
763	23	839
761	23	1345
761	23	839
757	23	1349
757	23	1271
757	23	806
879	23	1576
760	23	1587
757	23	1586
753	23	1351
875	23	851
756	23	1271
887	23	1321
872	23	1353
752	23	850
752	23	1280
753	23	1262
753	23	1290
753	23	850
754	23	1260
766	23	1289
763	23	1296
765	23	857
764	23	1268
748	23	1351
754	23	1357
769	23	1326
757	23	1351
757	23	1320
879	23	844
770	23	1288
881	23	1578
753	23	1336
756	23	1596
762	23	1284
748	23	1289
748	23	1319
753	23	1297
762	23	1297
762	23	1260
762	23	1289
762	23	839
750	23	1292
766	23	1265
760	23	1313
765	23	1265
756	23	1300
752	23	1347
754	23	1352
769	23	1321
868	23	786
881	23	1328
761	23	779
759	23	1357
884	23	837
886	23	1586
756	23	1282
762	23	1263
752	23	1282
752	23	833
752	23	857
752	23	1290
752	23	1319
752	23	1285
754	23	1291
766	23	1331
766	23	1296
764	23	1265
748	23	1321
757	23	1265
757	23	1290
757	23	1270
868	23	846
873	23	1332
885	23	1311
760	23	1273
878	23	1302
752	23	1577
753	23	1328
882	23	1593
761	23	1327
766	23	1306
760	23	1306
756	23	1320
764	23	1313
752	23	1344
754	23	1348
763	23	1353
767	23	1351
876	23	1284
876	23	849
868	23	1327
869	23	843
877	23	864
761	23	821
754	23	1263
886	23	864
752	23	823
752	23	1289
753	23	1337
762	23	1298
754	23	1331
766	23	1300
764	23	1296
756	23	1349
769	23	1352
757	23	1289
757	23	1282
883	23	839
755	23	1592
767	23	1353
765	23	1301
766	23	1582
753	23	853
460	24	403
458	24	1364
447	24	403
888	24	403
453	24	403
463	24	403
889	24	403
454	24	403
458	24	178
442	24	181
460	24	1597
460	24	183
447	24	183
888	24	183
453	24	183
463	24	183
889	24	183
454	24	183
442	24	215
440	24	1598
463	24	1599
460	24	221
458	24	221
453	24	224
463	24	224
889	24	224
442	24	224
890	24	224
85	24	423
95	24	151
85	24	1363
85	24	151
85	24	437
584	24	155
85	24	417
85	24	168
85	24	411
80	24	168
85	24	1600
85	24	1369
85	24	433
85	24	438
78	24	151
80	24	437
85	24	1371
85	24	416
85	24	1601
97	24	1601
80	24	1601
85	24	190
77	24	223
77	24	1599
76	24	1599
85	24	222
97	24	222
80	24	222
77	24	228
85	24	228
97	24	228
80	24	228
85	24	234
97	24	234
80	24	234
85	24	1602
97	24	1602
80	24	1602
83	24	237
85	24	239
97	24	239
80	24	239
85	24	1376
85	24	1374
85	24	242
584	24	434
584	24	1603
584	24	1604
584	24	173
535	24	152
584	24	1372
584	24	1370
527	24	166
584	24	134
584	24	424
584	24	138
584	24	172
584	24	1249
584	24	140
584	24	408
584	24	158
584	24	414
584	24	407
891	24	184
584	24	188
584	24	1254
584	24	225
584	24	229
129	24	1605
892	24	211
463	4	161
456	4	1606
893	4	169
467	4	161
461	4	169
453	4	156
894	4	175
447	4	159
440	4	169
895	4	150
462	4	421
896	4	169
897	4	156
898	4	159
444	4	159
447	4	421
451	4	156
462	4	161
464	4	159
454	4	430
454	4	421
462	4	142
899	4	142
455	4	156
444	4	421
900	4	160
463	4	157
455	4	160
455	4	175
464	4	430
444	4	157
462	4	1606
454	4	169
460	4	1607
462	4	160
454	4	161
465	4	430
452	4	157
455	4	430
456	4	156
901	4	160
447	4	142
902	4	1606
444	4	156
462	4	159
454	4	142
455	4	157
462	4	169
447	4	161
463	4	1607
460	4	170
447	4	1607
454	4	175
903	4	175
904	4	1606
894	4	170
464	4	150
460	4	150
463	4	142
447	4	157
447	4	156
463	4	156
454	4	167
455	4	1608
905	4	169
462	4	175
584	26	600
548	26	365
527	26	637
584	26	635
584	26	363
548	26	635
551	26	625
556	26	686
548	26	676
584	26	637
584	26	656
573	26	637
527	26	363
566	26	670
548	26	625
548	26	702
584	26	681
573	26	682
556	26	668
584	26	365
573	26	697
556	26	702
584	26	366
527	26	635
527	26	625
566	26	701
584	26	676
573	26	366
548	26	682
527	26	608
573	26	608
527	26	366
573	26	363
584	26	608
527	26	670
548	26	598
556	26	617
566	26	691
566	26	697
584	26	625
566	26	668
573	26	635
584	26	662
548	26	670
584	26	669
584	26	361
584	26	610
584	26	369
906	10	1250
907	10	1609
908	10	1610
909	10	1075
910	10	1006
911	10	1611
912	10	1612
913	10	1613
914	10	1021
915	10	1614
916	10	1022
916	10	1023
917	10	1615
918	10	433
919	10	1616
919	10	1617
920	10	1036
921	10	1618
922	10	1619
922	10	1009
923	10	1014
924	10	1620
924	10	1621
924	10	1622
925	10	1623
926	10	1624
926	10	1625
927	10	1022
928	10	1002
929	10	1626
930	10	1627
931	10	1628
932	10	433
933	10	1038
934	10	1027
934	10	1629
934	10	1630
935	10	1631
936	10	1043
936	10	1632
922	10	151
937	10	1044
937	10	1633
938	10	1045
939	10	1021
939	10	1048
939	10	1009
940	10	1634
941	10	1021
941	10	1044
910	10	1635
942	10	1631
943	10	1636
944	10	1637
945	10	1021
946	10	1009
946	10	1048
947	10	1638
926	10	1638
948	10	1027
949	10	135
949	10	1002
949	10	1061
950	10	1639
951	10	1044
951	10	1056
951	10	1640
951	10	1061
951	10	1002
951	10	1062
951	10	1063
951	10	1641
952	10	1642
953	10	1643
910	10	1644
910	10	1645
910	10	1065
910	10	1646
910	10	1066
910	10	1250
910	10	1647
910	10	1067
910	10	1648
952	10	1649
954	10	1650
955	10	1651
956	10	1652
957	10	1653
958	10	1654
959	10	1655
960	10	995
960	10	1034
960	10	1035
961	10	995
962	10	1021
915	10	1656
915	10	1657
963	10	1658
964	10	1659
910	10	1073
957	10	1660
912	10	1661
965	10	1662
965	10	433
965	10	1663
965	10	1664
965	10	1665
966	10	1666
967	10	1667
967	10	1668
967	10	1669
968	10	1634
969	10	1075
970	10	1670
971	10	1076
972	10	1671
973	10	1658
974	10	1080
975	10	1081
962	10	1081
976	10	1083
924	10	1083
977	10	1084
978	10	1672
979	10	1085
980	10	1673
927	10	1673
951	10	1673
908	10	1076
981	10	1674
982	10	1675
982	10	1676
983	10	1677
984	10	1678
982	10	1679
984	10	1680
985	10	1664
986	10	1681
986	10	1682
987	10	1683
987	10	1684
988	10	1099
987	10	1685
989	14	1139
990	14	1139
991	14	1139
992	14	1139
993	14	1114
994	14	341
995	14	341
996	14	341
997	14	341
998	14	341
999	14	341
1000	14	341
1001	14	341
135	14	341
1002	14	341
1003	14	341
1004	14	1115
1005	14	1115
1006	14	1127
1007	14	611
1008	14	611
1009	14	611
1010	14	611
1011	14	611
1012	14	1117
1013	14	1118
1002	14	341
1014	14	342
1015	14	1120
1016	14	1120
1017	14	1120
1018	14	1120
1019	14	1120
1020	14	1120
1021	14	611
433	14	1123
1022	14	1125
1023	14	651
1024	14	1106
1024	14	1138
1025	14	651
1026	14	651
1027	14	652
1028	14	652
1029	14	652
1030	14	652
1014	14	342
1031	14	1108
1022	14	1125
1032	14	1135
1033	14	1135
1034	14	1134
1035	14	1107
1036	14	1126
1037	14	1102
1038	14	1132
1039	14	1121
1040	14	1121
1041	14	1113
1042	14	1113
992	14	1139
1043	14	1132
151	14	355
1044	14	342
1045	14	1128
1046	14	341
1047	14	663
1021	14	611
1048	14	611
1009	14	611
1021	14	611
1049	14	1124
1050	14	1124
1051	14	1120
1052	14	1130
1053	14	1131
1054	14	355
1055	14	1132
1056	14	342
1052	14	1130
1057	14	1129
1058	14	1105
1059	14	372
1060	14	651
135	14	341
1002	14	341
1061	14	341
1062	14	1104
1063	14	1104
1064	14	1132
1065	14	1127
1066	14	652
1067	14	1127
1068	14	1103
1069	25	698
995	14	341
1070	14	1138
1071	14	1138
1034	14	1134
1072	14	1132
1072	14	1140
1073	14	1104
1074	14	343
1075	14	1139
135	14	341
1076	14	1136
1077	14	1142
1078	14	1110
1079	14	343
1080	14	1141
1081	14	372
1082	14	1116
1083	14	361
1084	14	355
1085	14	1111
1086	14	1137
1087	14	1137
1088	14	1119
1089	14	1121
1090	14	1122
1091	14	1133
1092	14	1131
1093	14	1112
1094	14	595
1095	14	595
1096	14	1106
1037	14	1102
1097	14	1109
1098	14	595
1099	14	595
1100	14	595
1101	14	611
663	18	272
1102	18	1686
1103	18	247
361	18	257
1104	18	247
1105	18	247
342	18	247
342	18	247
343	18	247
1106	18	247
1107	18	247
1108	18	247
1109	18	273
1110	18	294
1111	18	293
1112	18	271
1113	18	243
1114	18	248
341	18	247
1115	18	247
1116	18	247
1117	18	271
1118	18	772
1119	18	247
1120	18	273
1121	18	271
698	18	247
651	18	247
595	18	247
1122	18	247
1123	18	248
1124	18	397
1125	18	247
1126	18	247
1127	18	273
611	18	273
1128	18	273
1129	18	286
1130	18	271
1131	18	247
355	18	247
1132	18	247
1133	18	772
372	18	772
1134	18	247
1135	18	247
1136	18	289
1137	18	772
1138	18	247
1139	18	247
1140	18	247
1141	18	247
1142	18	247
652	18	247
